1.0 0.20895466 0.14626852 0.0 0.059114218 0.0 0.1660989 0.0 0.0 0.0 0.0 0.0 0.0 0.0 0.0 0.0 0.0 0.0 0.0 0.0 0.0 0.0 
0.0 1.0 0.0 0.0 0.0 0.0 0.33114812 0.0 0.0 0.0 0.0 0.0 0.0 0.0 0.0 0.0 0.0 0.0 0.0 0.0 0.0 0.0 
0.0 0.0221939 1.0 0.0 0.0 0.0 0.34878793 0.0 0.0 0.0 0.0 0.0 0.0 0.0 0.0 0.0 0.0 0.0 0.0 0.0 0.0 0.0 
0.37379912 0.53683406 0.54210925 1.0 0.48310608 0.27610585 0.947142 0.14213192 0.19442 0.21316382 0.28893384 0.25613236 0.15193962 0.0013720054 0.17966402 0.0 0.4253826 0.39368138 0.2938494 0.0 0.0 0.12644769 
0.0 0.07323998 0.071681045 0.0 1.0 0.0 0.43302667 0.0 0.0 0.0 0.0 0.0 0.0 0.0 0.0 0.0 0.0 0.0 0.0 0.0 0.0 0.0 
0.04017118 0.25743547 0.2127074 0.0 0.16017121 1.0 0.5916403 0.0 0.0 0.0 0.0 0.0 0.0 0.0 0.0 0.0 0.14747247 0.07886803 0.0 0.0 0.0 0.0 
0.0 0.0 0.0 0.0 0.0 0.0 1.0 0.0 0.0 0.0 0.0 0.0 0.0 0.0 0.0 0.0 0.0 0.0 0.0 0.0 0.0 0.0 
0.21140721 0.45142695 0.36763644 0.0 0.3691454 0.15663557 0.8375787 1.0 0.075874664 0.090585835 0.1912714 0.09495078 0.039146192 0.0 0.0674538 0.0 0.34844965 0.25720882 0.17174268 0.0 0.0 0.0 
0.11603777 0.36378804 0.32333753 0.0 0.30804318 0.10388063 0.7553636 0.0 1.0 0.014326464 0.11019647 0.054578315 0.0 0.0 0.0 0.0 0.28997332 0.18832134 0.10071119 0.0 0.0 0.0 
0.4751033 0.34733963 0.3143461 0.0 0.2820759 0.0717969 0.7456248 0.0 0.0 1.0 0.0722743 0.038658205 0.0 0.0 0.0 0.0 0.22861034 0.16102114 0.07119492 0.0 0.0 0.0 
0.05811391 0.26424113 0.24009307 0.0 0.20554265 0.038117353 0.6091433 0.0 0.0 0.0 1.0 0.0 0.0 0.0 0.0 0.0 0.18253133 0.09358862 0.00365712 0.0 0.0 0.0 
0.11512414 0.30712754 0.29919815 0.0 0.24505067 0.049019486 0.7066668 0.0 0.0 0.0 0.044787526 1.0 0.0 0.0 0.0 0.0 0.25260377 0.15978457 0.038998313 0.0 0.0 0.0 
0.21168172 0.42954338 0.364053 0.0 0.35076597 0.13164964 0.8179325 0.0 0.030695304 0.061867084 0.18868168 0.0934034 1.0 0.0 0.052953318 0.0 0.32097107 0.24605305 0.17069753 0.0 0.0 0.0 
0.36805943 0.5931633 0.53567517 0.0 0.5029981 0.32560492 1.0112311 0.12729143 0.2310345 0.24191411 0.33799303 0.26001027 0.18417048 1.0 0.19848672 0.0 0.5135909 0.4404527 0.34642062 0.0 0.0 0.13424619 
0.45265236 0.40043616 0.3398369 0.0 0.28892165 0.13690805 0.7679877 0.0 0.010383003 0.003361537 0.10994731 0.068105556 0.0 0.0 1.0 0.0 0.34120426 0.2389352 0.13156317 0.0 0.0 0.0 
0.4131683 0.64931303 0.6019118 0.069816984 0.5656769 0.40585962 1.1249734 0.1996438 0.29791358 0.30464008 0.43139234 0.3352441 0.2338188 0.056953948 0.2947381 1.0 0.6185513 0.5151634 0.42415798 0.012827027 0.0 0.20043468 
0.24434152 0.13838817 0.10395038 0.0 0.059936773 0.0 0.48708203 0.0 0.0 0.0 0.0 0.0 0.0 0.0 0.0 0.0 1.0 0.0 0.0 0.0 0.0 0.0 
0.010362464 0.16382408 0.15833949 0.0 0.111435436 0.0 0.5802684 0.0 0.0 0.0 0.0 0.0 0.0 0.0 0.0 0.0 0.06399827 1.0 0.0 0.0 0.0 0.0 
0.08083256 0.28787813 0.25338027 0.0 0.2001357 0.019547943 0.63967055 0.0 0.0 0.0 0.0 0.0 0.0 0.0 0.0 0.0 0.1714522 0.100531965 1.0 0.0 0.0 0.0 
0.40978017 0.6681348 0.5897782 0.055429902 0.5876255 0.39138868 1.1343743 0.21944709 0.3097256 0.33399644 0.41369992 0.3288826 0.27888253 0.08502013 0.24046041 0.0 0.6316913 0.58396983 0.4554468 1.0 0.0 0.1419823 
0.8708924 0.8196422 0.77797616 0.20304471 0.772244 0.5758774 1.301537 0.35348004 0.4698129 0.45607033 0.54926217 0.48304626 0.37983876 0.20378287 0.47983545 0.20333908 0.7747287 0.6829472 0.57768136 0.178405 1.0 0.35930026 
0.28775275 0.48895657 0.49790806 0.0 0.4623938 0.25265127 1.0057653 0.063993365 0.15174407 0.1733011 0.24682128 0.16655701 0.099086754 0.0 0.11016543 0.0 0.4671028 0.39195582 0.29695004 0.0 0.0 1.0 
