1.0 0.09957965 0.0 0.0 0.0 0.0 0.0 0.0 0.0 0.0 0.0 0.0 0.0 
0.0 1.0 0.0 0.0 0.0 0.0 0.0 0.0 0.0 0.0 0.0 0.0 0.0 
0.12332891 0.14720888 1.0 0.0 0.0 0.0 0.0 0.0 0.0 0.0 0.0 0.018466014 0.018466014 
0.18628341 0.28586304 0.011461272 1.0 0.0 0.0 0.0 0.06295449 0.06295449 0.0 0.0 0.0 0.0 
2.0077273e-12 2.0548008e-12 1.120326e-12 7.3896445e-13 1.0 0.0 0.0 3.3690828e-12 3.3690828e-12 0.0 0.0 0.0 0.0 
2.0077273e-12 2.0548008e-12 1.120326e-12 7.3896445e-13 0.0 1.0 0.0 3.3690828e-12 3.3690828e-12 0.0 0.0 0.0 0.0 
2.0077273e-12 2.0548008e-12 1.120326e-12 7.3896445e-13 0.0 0.0 1.0 3.3690828e-12 3.3690828e-12 0.0 0.0 0.0 0.0 
0.11627389 0.26029173 0.025746612 0.0 0.0 0.0 0.0 1.0 0.0 0.0 0.0 0.0 0.0 
0.11627389 0.26029173 0.025746612 0.0 0.0 0.0 0.0 0.0 1.0 0.0 0.0 0.0 0.0 
2.0077273e-12 2.0548008e-12 1.120326e-12 7.3896445e-13 0.0 0.0 0.0 3.3690828e-12 3.3690828e-12 1.0 0.0 0.0 0.0 
2.0077273e-12 2.0548008e-12 1.120326e-12 7.3896445e-13 0.0 0.0 0.0 3.3690828e-12 3.3690828e-12 0.0 1.0 0.0 0.0 
0.052331608 0.32827353 0.0 0.1982161 4.639067e-13 4.639067e-13 4.639067e-13 0.067374974 0.067374974 4.639067e-13 4.639067e-13 1.0 0.0 
0.052331608 0.32827353 0.0 0.1982161 4.639067e-13 4.639067e-13 4.639067e-13 0.067374974 0.067374974 4.639067e-13 4.639067e-13 0.0 1.0 
